    0.000     0.022741     0.002142    -0.001507
    0.001     0.073019     0.726739     0.078971
    0.002     0.072344     0.724810     0.079160
    0.003     0.072212     0.724715     0.079043
    0.004     0.072393     0.725565     0.079566
    0.005     0.072537     0.726881     0.080164
    0.006     0.072733     0.728229     0.080862
    0.007     0.072927     0.729605     0.081548
    0.008     0.073120     0.730980     0.082236
    0.009     0.073312     0.732334     0.082915
    0.010     0.073499     0.733653     0.083580
    0.011     0.073680     0.734937     0.084226
    0.012     0.073855     0.736184     0.084853
    0.013     0.074023     0.737394     0.085461
    0.014     0.074184     0.738565     0.086049
    0.015     0.074339     0.739696     0.086615
    0.016     0.074487     0.740790     0.087163
    0.017     0.074630     0.741858     0.087697
    0.018     0.074770     0.742912     0.088222
    0.019     0.074908     0.743964     0.088744
    0.020     0.075046     0.745019     0.089266
    0.021     0.075185     0.746081     0.089789
    0.022     0.075323     0.747147     0.090314
    0.023     0.075462     0.748216     0.090840
    0.024     0.075600     0.749287     0.091366
    0.025     0.075736     0.750359     0.091890
    0.026     0.075872     0.751428     0.092412
    0.027     0.076005     0.752494     0.092931
    0.028     0.076137     0.753556     0.093446
    0.029     0.076267     0.754612     0.093956
    0.030     0.076395     0.755662     0.094464
    0.031     0.076521     0.756707     0.094967
    0.032     0.076645     0.757745     0.095465
    0.033     0.076767     0.758774     0.095958
    0.034     0.076886     0.759795     0.096446
    0.035     0.077004     0.760807     0.096928
    0.036     0.077119     0.761813     0.097407
    0.037     0.077234     0.762815     0.097883
    0.038     0.077347     0.763818     0.098357
    0.039     0.077460     0.764824     0.098832
    0.040     0.077574     0.765838     0.099309
    0.041     0.077688     0.766863     0.099789
    0.042     0.077803     0.767902     0.100275
    0.043     0.077920     0.768957     0.100766
    0.044     0.078037     0.770028     0.101263
    0.045     0.078156     0.771112     0.101765
    0.046     0.078275     0.772207     0.102270
    0.047     0.078395     0.773308     0.102778
    0.048     0.078514     0.774411     0.103285
    0.049     0.078632     0.775513     0.103791
    0.050     0.078749     0.776609     0.104295
    0.051     0.078864     0.777697     0.104793
    0.052     0.078978     0.778775     0.105288
    0.053     0.079090     0.779846     0.105779
    0.054     0.079201     0.780914     0.106267
    0.055     0.079312     0.781982     0.106755
    0.056     0.079423     0.783057     0.107246
    0.057     0.079534     0.784143     0.107740
    0.058     0.079647     0.785241     0.108239
    0.059     0.079761     0.786353     0.108743
    0.060     0.079876     0.787476     0.109252
    0.061     0.079992     0.788609     0.109764
    0.062     0.080109     0.789748     0.110278
    0.063     0.080225     0.790889     0.110792
    0.064     0.080341     0.792031     0.111305
    0.065     0.080456     0.793172     0.111817
    0.066     0.080570     0.794311     0.112327
    0.067     0.080683     0.795446     0.112834
    0.068     0.080795     0.796577     0.113339
    0.069     0.080905     0.797704     0.113840
    0.070     0.081014     0.798824     0.114338
    0.071     0.081120     0.799938     0.114831
    0.072     0.081225     0.801042     0.115320
    0.073     0.081328     0.802137     0.115804
    0.074     0.081429     0.803222     0.116282
    0.075     0.081528     0.804297     0.116754
    0.076     0.081624     0.805361     0.117221
    0.077     0.081719     0.806413     0.117681
    0.078     0.081810     0.807455     0.118135
    0.079     0.081900     0.808486     0.118583
    0.080     0.081987     0.809506     0.119025
    0.081     0.082071     0.810515     0.119460
    0.082     0.082154     0.811514     0.119888
    0.083     0.082233     0.812501     0.120310
    0.084     0.082310     0.813477     0.120725
    0.085     0.082384     0.814439     0.121132
    0.086     0.082455     0.815386     0.121530
    0.087     0.082522     0.816315     0.121919
    0.088     0.082586     0.817224     0.122296
    0.089     0.082644     0.818108     0.122661
    0.090     0.082699     0.818968     0.123012
    0.091     0.082747     0.819799     0.123349
    0.092     0.082791     0.820600     0.123670
    0.093     0.082828     0.821371     0.123974
    0.094     0.082860     0.822109     0.124261
    0.095     0.082886     0.822814     0.124531
    0.096     0.082905     0.823486     0.124783
    0.097     0.082918     0.824127     0.125018
    0.098     0.082926     0.824735     0.125235
    0.099     0.082927     0.825314     0.125435
    0.100     0.082923     0.825862     0.125619
    0.101     0.082913     0.826382     0.125787
    0.102     0.082897     0.826872     0.125939
    0.103     0.082876     0.827333     0.126075
    0.104     0.082849     0.827767     0.126196
    0.105     0.082818     0.828175     0.126302
    0.106     0.082782     0.828559     0.126397
    0.107     0.082743     0.828923     0.126480
    0.108     0.082701     0.829271     0.126555
    0.109     0.082656     0.829607     0.126624
    0.110     0.082611     0.829939     0.126690
    0.111     0.082565     0.830271     0.126755
    0.112     0.082520     0.830613     0.126824
    0.113     0.082477     0.830969     0.126899
    0.114     0.082437     0.831346     0.126984
    0.115     0.082401     0.831750     0.127080
    0.116     0.082369     0.832183     0.127189
    0.117     0.082342     0.832648     0.127314
    0.118     0.082320     0.833147     0.127454
    0.119     0.082304     0.833680     0.127610
    0.120     0.082293     0.834247     0.127782
    0.121     0.082287     0.834848     0.127971
    0.122     0.082287     0.835484     0.128177
    0.123     0.082293     0.836154     0.128399
    0.124     0.082305     0.836858     0.128638
    0.125     0.082322     0.837595     0.128893
    0.126     0.082345     0.838364     0.129164
    0.127     0.082373     0.839165     0.129451
    0.128     0.082407     0.839997     0.129753
    0.129     0.082446     0.840859     0.130070
    0.130     0.082490     0.841751     0.130402
    0.131     0.082540     0.842673     0.130748
    0.132     0.082595     0.843624     0.131109
    0.133     0.082655     0.844605     0.131485
    0.134     0.082721     0.845616     0.131875
    0.135     0.082791     0.846655     0.132279
    0.136     0.082867     0.847724     0.132698
    0.137     0.082948     0.848820     0.133130
    0.138     0.083034     0.849944     0.133576
    0.139     0.083124     0.851094     0.134036
    0.140     0.083220     0.852271     0.134508
    0.141     0.083321     0.853473     0.134994
    0.142     0.083427     0.854701     0.135494
    0.143     0.083538     0.855958     0.136008
    0.144     0.083655     0.857243     0.136537
    0.145     0.083777     0.858559     0.137081
    0.146     0.083906     0.859907     0.137642
    0.147     0.084040     0.861290     0.138220
    0.148     0.084181     0.862706     0.138815
    0.149     0.084327     0.864157     0.139427
    0.150     0.084480     0.865642     0.140056
    0.151     0.084640     0.867160     0.140701
    0.152     0.084805     0.868709     0.141363
    0.153     0.084976     0.870288     0.142040
    0.154     0.085152     0.871893     0.142732
    0.155     0.085333     0.873524     0.143437
    0.156     0.085520     0.875179     0.144154
    0.157     0.085712     0.876855     0.144885
    0.158     0.085908     0.878554     0.145627
    0.159     0.086109     0.880276     0.146382
    0.160     0.086315     0.882020     0.147149
    0.161     0.086526     0.883787     0.147928
    0.162     0.086741     0.885577     0.148720
    0.163     0.086961     0.887391     0.149523
    0.164     0.087186     0.889227     0.150338
    0.165     0.087414     0.891082     0.151163
    0.166     0.087647     0.892956     0.151997
    0.167     0.087883     0.894845     0.152840
